second step: 3 10 6 16 1 12 8 7 15 5 13 4 9 14 2 11 i 31 47 34 49 41 37 40 26 44 46 55 30 54 42 50 33 22 38 53 43 24 51 23 39 48 25 52 36 27 18 45 19 56 35 28 32 21 20 29
56
43
16
39

quicksort output:
[99 [17 31 54 27 18 3 34 46 30 10 33 38 48 6 16 19 56 1 47 12 49 41 37 40 26 44 8 55 7 15 42 50 5 22 13 53 43 24 51 23 39 4 25 52 36 9 14 45 2 11 35 28 32 21 20 29] 57 [99 98 70 90 73 69 65 96 87 92 97 59 67 78 85 93 80 75 95 60 68 58 64 79 66 63 100 77 84 94 71 74 72 83 76 82 88 89 81 86 91 62 61]]
[55 [3 10 6 16 1 12 8 7 15 5 13 4 9 14 2 11] 17 [31 47 34 49 41 37 40 26 44 46 55 30 54 42 50 33 22 38 53 43 24 51 23 39 48 25 52 36 27 18 45 19 56 35 28 32 21 20 29]]
[15 [1 2] 3 [16 10 12 8 7 15 5 13 4 9 14 6 11]]
[1 [] 1 [2]]
[12 [10 12 8 7 15 5 13 4 9 14 6 11] 16 []]
[11 [8 7 5 4 9 6] 10 [15 12 14 13 11]]
[5 [7 5 4 6] 8 [9]]
[3 [5 4 6] 7 []]
[2 [4] 5 [6]]
[4 [12 14 13 11] 15 []]
[3 [11] 12 [13 14]]
[1 [] 13 [14]]
[38 [26 30 22 24 23 25 27 18 19 28 21 20 29] 31 [50 33 49 38 53 43 41 51 37 39 48 40 52 36 47 44 45 46 56 35 55 32 34 54 42]]
[12 [22 24 23 25 18 19 21 20] 26 [28 30 27 29]]
[7 [18 19 21 20] 22 [23 25 24]]
[3 [] 18 [19 21 20]]
[2 [] 19 [21 20]]
[1 [20] 21 []]
[2 [] 23 [25 24]]
[1 [24] 25 []]
[3 [27] 28 [30 29]]
[1 [29] 30 []]
[24 [33 49 38 43 41 37 39 48 40 36 47 44 45 46 35 32 34 42] 50 [52 55 53 51 54 56]]
[17 [32] 33 [38 43 41 37 39 48 40 36 47 44 45 46 35 49 34 42]]
[15 [37 36 35 34] 38 [48 40 41 47 44 45 46 43 49 39 42]]
[3 [36 35 34] 37 []]
[2 [35 34] 36 []]
[1 [34] 35 []]
[10 [40 41 47 44 45 46 43 39 42] 48 [49]]
[8 [39] 40 [47 44 45 46 43 41 42]]
[6 [44 45 46 43 41 42] 47 []]
[5 [43 41 42] 44 [46 45]]
[2 [41 42] 43 []]
[1 [] 41 [42]]
[1 [45] 46 []]
[5 [51] 52 [53 55 54 56]]
[3 [] 53 [55 54 56]]
[2 [54] 55 [56]]
[42 [98 70 90 73 69 65 96 87 92 97 59 67 78 85 93 80 75 95 60 68 58 64 79 66 63 77 84 94 71 74 72 83 76 82 88 89 81 86 91 62 61] 99 [100]]
[40 [70 90 73 69 65 96 87 92 97 59 67 78 85 93 80 75 95 60 68 58 64 79 66 63 77 84 94 71 74 72 83 76 82 88 89 81 86 91 62 61] 98 []]
[39 [69 65 59 67 60 68 58 64 66 63 62 61] 70 [93 80 75 95 96 87 92 97 79 90 73 77 84 94 71 74 72 83 76 82 88 89 81 86 91 78 85]]
[11 [65 59 67 60 68 58 64 66 63 62 61] 69 []]
[10 [59 60 58 64 63 62 61] 65 [67 68 66]]
[6 [58] 59 [60 64 63 62 61]]
[4 [] 60 [64 63 62 61]]
[3 [63 62 61] 64 []]
[2 [62 61] 63 []]
[1 [61] 62 []]
[2 [66] 67 [68]]
[26 [80 75 87 92 79 90 73 77 84 71 74 72 83 76 82 88 89 81 86 91 78 85] 93 [95 96 94 97]]
[21 [75 79 73 77 71 74 72 76 78] 80 [92 87 83 84 82 88 89 81 86 91 90 85]]
[8 [73 71 74 72] 75 [77 79 76 78]]
[3 [71 72] 73 [74]]
[1 [] 71 [72]]
[3 [76] 77 [79 78]]
[1 [78] 79 []]
[11 [87 83 84 82 88 89 81 86 91 90 85] 92 []]
[10 [83 84 82 81 86 85] 87 [89 91 90 88]]
[5 [82 81] 83 [84 86 85]]
[1 [81] 82 []]
[2 [] 84 [86 85]]
[1 [85] 86 []]
[3 [88] 89 [90 91]]
[1 [] 90 [91]]
[3 [94] 95 [96 97]]
[1 [] 96 [97]]
[647 [1 2 3 4 5 6 7 8 9 10 11 12 13 14 15 16 17 18 19 20 21 22 23 24 25 26 27 28 29 30 31 32 33 34 35 36 37 38 39 40 41 42 43 44 45 46 47 48 49 50 51 52 53 54 55 56 57 58 59 60 61 62 63 64 65 66 67 68 69 70 71 72 73 74 75 76 77 78 79 80 81 82 83 84 85 86 87 88 89 90 91 92 93 94 95 96 97 98 99 100]]


99
55
15
1
12
11
5
3
2
4
3
1
38
12
7
3
2
1
2
1
3
1
24
17
15
3
2
1
10
8
6
5
2
1
1
5
3
2
42
40
39
11
10
6
4
3
2
1
2
26
21
8
3
1
3
1
11
10
5
1
2
1
3
1
3
1


     15 1
      9 2
     11 3
      2 4
      4 5
      2 6
      1 7
      2 8
      3 10
      3 11
      2 12
      2 15
      1 17
      1 21
      1 24
      1 26
      1 38
      1 39
      1 40
      1 42
      1 55
      1 99
